897013400000654349
897013400000654364
897013400000654380
897013400000654398
897013400000654406
897013400000654414
897013400000654422
897013400000654430
897013400000654455
897013400000654463
897013400000654471
897013400000654489
897013400000654497
897013400000654505
897013400000654513
897013400000654521
897013400000654539
897013400000507554
897013400000507562
897013400000507570
897013400000507588
897013400000507596
897013400000507612
897013400000507638
897013400000507646
897013400000507653
897013400000507661
897013400000507679
897013400000507687
897013400000507695
897013400000507703
897013400000507752
897013400000507760
897013400000507786
897013400000507794
897013400000507802
897013400000507810
897013400000507828
897013400000507836
897013400000507844
897013400000507869
897013400000507877
897013400000507885
897013400000507893
897013400000507513
897013400000507521
897013400000507539
897013400000507547
897013400000507711
897013400000507729
897013400000507737
897013400000507745
